1
2200
1200
409
967
16
352,322,487,93,0,52,1,1,MOVING,0,0
884,1011,44,41,0,0,0,0,BOUNCING,20,0
700,753,70,59,0,0,0,0,DROPPING,0,0
630,753,70,59,0,0,0,0,DROPPING,0,0
560,753,70,59,0,0,0,0,DROPPING,0,0
490,753,70,59,0,0,0,0,DROPPING,0,0
420,753,70,59,0,0,0,0,DROPPING,0,0
350,753,70,59,0,0,0,0,DROPPING,0,0
280,753,70,59,0,0,0,0,DROPPING,0,0
210,753,70,59,0,0,0,0,DROPPING,0,0
1050,403,71,65,0,0,0,0,BOUNCING,12,0
1250,403,71,65,0,0,0,0,BOUNCING,12,0
1860,630,70,70,0,0,0,0,DROPPING,0,0
1960,490,70,70,0,0,0,0,DROPPING,0,0
1820,350,70,70,0,0,0,0,DROPPING,0,0
1960,209,70,70,0,0,0,0,DROPPING,0,0
7
823,1002
772,704
160,651
287,302
852,304
1478,302
1760,723
0
1785,174